plane = 0.7673658495417588
bike = 0.31072953270996345
bird = 0.582694171688651
boat = 0.47693748904378735
bottle = 0.5463849784979098
bus = 0.5285425554699404
car = 0.4586316896669946
cat = 0.6405971558841272
chair = 0.09653147292204775
cow = 0.6017049591208958
table = 0.2419116424570608
dog = 0.529993855729756
horse = 0.656898530451441
motorbike = 0.5469610745644834
person = 0.1646779992108558
plant = 0.1839133674184617
sheep = 0.4708974215369863
sofa = 0.19836985888194025
train = 0.6177806523996116
monitor = 0.2716917339826151
mIoU =  0.46348011005648393
background = 0.839866320006876

